image_width: 752
image_height: 480
camera_name: narrow_stereo
camera_matrix:
  rows: 3
  cols: 3
  data: [853.001078, 0.000000, 488.697985, 0.000000, 837.414873, 197.045826, 0.000000, 0.000000, 1.000000]
distortion_model: plumb_bob
distortion_coefficients:
  rows: 1
  cols: 5
  data: [0.114112, -0.001544, -0.002429, 0.045631, 0.000000]
rectification_matrix:
  rows: 3
  cols: 3
  data: [1.000000, 0.000000, 0.000000, 0.000000, 1.000000, 0.000000, 0.000000, 0.000000, 1.000000]
projection_matrix:
  rows: 3
  cols: 4
  data: [852.059326, 0.000000, 507.483901, 0.000000, 0.000000, 874.641296, 197.058365, 0.000000, 0.000000, 0.000000, 1.000000, 0.000000]
